 38  -58  86  8  -28  14  2  -55  89  17  92  83  5  -4  71  -19  -85  23  -16  86  -43  -64  47  74  -97 
 -22  -16  -94  20  89  -13  14  -88  -13  -70  -88  -10  14  8  23  26  80  50  83  -100  -16  62  98  -82  -94 
 -49  83  23  -61  50  -7  86  2  -46  59  -13  -46  53  35  92  62  -85  92  26  -49  -76  80  -46  -28  -13 
 -61  50  -76  41  -100  -49  68  -34  -46  86  -55  -40  -73  -52  59  65  -7  -46  86  41  32  -16  -70  -67  -25 
 89  74  -64  -88  -79  -28  14  47  98  80  -31  17  53  -61  53  80  26  -67  11  17  -31  -79  -70  -64  -70 
 -97  77  -58  23  89  83  -1  -25  -70  50  -64  -97  56  -91  17  11  68  -76  -49  -28  62  -76  -34  -13  -76 
 2  62  -25  71  23  77  38  -34  -19  -16  59  14  -64  -55  -100  17  -19  -55  44  -16  83  -31  56  -97  -40 
 -100  14  -79  2  -97  35  -4  -70  -49  29  47  20  77  14  -70  -37  -67  23  -10  23  53  -88  20  89  -25 
 -4  -64  -43  50  17  53  35  -91  -49  -13  14  -37  2  -70  -55  -85  -43  -67  80  29  -79  -40  86  44  53 
 -58  -100  -22  -97  -10  38  -94  -79  -19  -4  80  5  -61  26  83  80  -85  -7  -97  68  2  -49  -19  -94  -1 
 -37  62  -73  71  -94  17  -91  -55  47  23  2  56  41  -16  35  29  -73  -22  62  -7  98  -61  -31  77  -28 
 -31  -73  50  83  98  -46  -16  -43  -94  71  -58  -100  -7  23  38  71  26  74  -88  -19  -61  20  2  11  -79 
 -94  44  26  -94  -61  95  98  -52  -85  -4  -94  -76  -7  -40  -13  53  -52  -19  29  11  92  -16  14  -7  -46 
 -25  -10  47  26  -94  98  -31  53  17  26  2  71  56  44  89  95  29  -55  44  74  29  38  -49  -40  98 
 14  -16  -88  -28  38  65  -67  11  50  -82  -100  -40  -67  74  -55  -82  -58  86  29  -88  -40  -58  86  -37  41 
 -67  -16  -67  -22  74  95  14  -37  -13  -16  86  17  -52  2  92  -76  68  47  -10  80  -67  65  -40  -49  -88 
 47  68  95  -40  74  11  -61  53  14  56  77  47  77  -4  5  -61  -7  59  -40  77  59  53  71  86  83 
 -49  -91  -73  14  -94  -7  -40  -49  -40  -37  32  86  11  86  44  44  62  -91  41  -13  -55  -37  80  32  -55 
 -82  41  -34  77  17  -100  20  -94  77  -34  -16  14  -7  89  -61  2  14  65  -82  -37  -1  -43  32  -46  71 
 14  -64  -43  -76  71  -31  5  -55  35  -67  92  -76  5  -52  -52  26  -52  -22  65  59  -52  59  26  -70  56 
 -76  38  -28  11  -97  77  -10  -100  -73  -67  50  -85  5  -28  -19  38  -91  -25  -70  -49  -16  68  -49  38  -28 
 -76  -79  -31  -16  50  -16  29  56  -88  -58  38  -94  29  -61  -46  59  -7  -13  50  -94  -82  -97  -73  80  59 
 -13  77  65  41  53  -34  47  5  -1  -4  80  41  -19  50  65  -85  -97  -88  95  -67  -28  95  -10  44  -100 
 -88  5  -10  47  32  47  83  -73  -46  -88  89  -97  2  -88  -58  -67  44  -43  59  -34  50  -97  80  35  -28 
 -19  11  2  -1  26  -10  35  23  59  -28  74  -16  -43  68  17  -49  74  8  -46  20  5  80  -34  62  -31 
